sub-pos=97.000000
audio-channels=auto-safe
volume=86.200668
